Consider the following command:

    $ pmap -X 201931
    201931:   ./memory-user 1024 -1
             Address Perm   Offset Device    Inode    Size     Rss     Pss Pss_Dirty Referenced Anonymous KSM LazyFree ShmemPmdMapped FilePmdMapped Shared_Hugetlb Private_Hugetlb Swap SwapPss Locked THPeligible Mapping
        642d0a950000 r--p 00000000  08:12 20324526       4       4       2         0          4         0   0        0              0             0              0               0    0       0      0           0 memory-user
        642d0a951000 r-xp 00001000  08:12 20324526       4       4       2         0          4         0   0        0              0             0              0               0    0       0      0           0 memory-user
        642d0a952000 r--p 00002000  08:12 20324526       4       0       0         0          0         0   0        0              0             0              0               0    0       0      0           0 memory-user
        642d0a953000 r--p 00002000  08:12 20324526       4       4       4         4          4         4   0        0              0             0              0               0    0       0      0           0 memory-user
        642d0a954000 rw-p 00003000  08:12 20324526       4       4       4         4          4         4   0        0              0             0              0               0    0       0      0           0 memory-user
        642d1b81a000 rw-p 00000000  00:00        0     132       4       4         4          4         4   0        0              0             0              0               0    0       0      0           0 [heap]
        76d3393ab000 rw-p 00000000  00:00        0 1048592 1048588 1048588   1048588    1048588   1048588   0        0              0             0              0               0    0       0      0           1
        76d3793af000 r--p 00000000  08:12 12324085     144     144       2         0        144         0   0        0              0             0              0               0    0       0      0           0 libc.so.6
        76d3793d3000 r-xp 00024000  08:12 12324085    1476     816      15         0        816         0   0        0              0             0              0               0    0       0      0           0 libc.so.6
        76d379544000 r--p 00195000  08:12 12324085     316     124       2         0        124         0   0        0              0             0              0               0    0       0      0           0 libc.so.6
        76d379593000 r--p 001e3000  08:12 12324085      16      16      16        16         16        16   0        0              0             0              0               0    0       0      0           1 libc.so.6
        76d379597000 rw-p 001e7000  08:12 12324085       8       8       8         8          8         8   0        0              0             0              0               0    0       0      0           0 libc.so.6
        76d379599000 rw-p 00000000  00:00        0      40      24      24        24         24        24   0        0              0             0              0               0    0       0      0           0
        76d3795cd000 r--p 00000000  00:00        0       8       0       0         0          0         0   0        0              0             0              0               0    0       0      0           0 [vvar]
        76d3795cf000 r--p 00000000  00:00        0       8       0       0         0          0         0   0        0              0             0              0               0    0       0      0           0 [vvar_vclock]
        76d3795d1000 r-xp 00000000  00:00        0       8       8       0         0          8         0   0        0              0             0              0               0    0       0      0           0 [vdso]
        76d3795d3000 r--p 00000000  08:12 12324075       4       4       0         0          4         0   0        0              0             0              0               0    0       0      0           0 ld-linux-x86-64.so.2
        76d3795d4000 r-xp 00001000  08:12 12324075     164     164       3         0        164         0   0        0              0             0              0               0    0       0      0           0 ld-linux-x86-64.so.2
        76d3795fd000 r--p 0002a000  08:12 12324075      44      40       0         0         40         0   0        0              0             0              0               0    0       0      0           0 ld-linux-x86-64.so.2
        76d379608000 r--p 00035000  08:12 12324075       8       8       8         8          8         8   0        0              0             0              0               0    0       0      0           0 ld-linux-x86-64.so.2
        76d37960a000 rw-p 00037000  08:12 12324075       4       4       4         4          4         4   0        0              0             0              0               0    0       0      0           0 ld-linux-x86-64.so.2
        76d37960b000 rw-p 00000000  00:00        0       4       4       4         4          4         4   0        0              0             0              0               0    0       0      0           0
        7fffdb1f4000 rw-p 00000000  00:00        0     132      16      16        16         16        16   0        0              0             0              0               0    0       0      0           0 [stack]
    ffffffffff600000 --xp 00000000  00:00        0       4       0       0         0          0         0   0        0              0             0              0               0    0       0      0           0 [vsyscall]
                                                   ======= ======= ======= ========= ========== ========= === ======== ============== ============= ============== =============== ==== ======= ====== ===========
                                                   1051132 1049988 1048706   1048680    1049988   1048680   0        0              0             0              0               0    0       0      0           2 KB

From the size column, we can see that the memory mapped to the heap (1048592
kiB) is much greater than that of the previous process (131088 kiB), as
expected.
